201000.E-05  3.2895E+04  9.6532E+07
401000.E-05  4.7515E+04  1.0333E+08
601000.E-05  5.4825E+04  1.2041E+08
801000.E-05  4.3860E+04  1.3756E+08
100100.E-04  4.3860E+04  1.5134E+08
120100.E-04  8.0410E+04  1.6371E+08
140100.E-04  6.9445E+04  1.7417E+08
160100.E-04  9.8685E+04  1.8926E+08
180100.E-04  1.1331E+05  2.0038E+08
200100.E-04  1.3158E+05  2.1039E+08
220100.E-04  1.5351E+05  2.2023E+08
240100.E-04  1.1331E+05  2.3119E+08
260100.E-04  1.3889E+05  2.4222E+08
280100.E-04  1.4255E+05  2.5385E+08
300100.E-04  1.4255E+05  2.6159E+08
320100.E-04  1.6813E+05  2.6858E+08
340100.E-04  1.6813E+05  2.7887E+08
360100.E-04  2.0103E+05  2.8670E+08
380100.E-04  1.7179E+05  2.9504E+08
400100.E-04  2.1199E+05  3.0060E+08
420100.E-04  2.8509E+05  3.0873E+08
440100.E-04  3.1068E+05  3.1437E+08
460100.E-04  2.4123E+05  3.1721E+08
480100.E-04  2.9971E+05  3.2285E+08
500100.E-04  2.8144E+05  3.2917E+08
520100.E-04  3.7647E+05  3.3349E+08
540100.E-04  3.2530E+05  3.3760E+08
560100.E-04  3.5819E+05  3.4107E+08
580100.E-04  4.4226E+05  3.4267E+08
600100.E-04  4.0205E+05  3.4496E+08
620100.E-04  4.2033E+05  3.4620E+08
640100.E-04  4.6784E+05  3.4815E+08
660100.E-04  4.2398E+05  3.5091E+08
680100.E-04  5.3363E+05  3.4853E+08
700100.E-04  5.6287E+05  3.4881E+08
720100.E-04  5.3729E+05  3.5148E+08
740100.E-04  4.4957E+05  3.4954E+08
760100.E-04  5.5922E+05  3.4762E+08
780100.E-04  5.9942E+05  3.4836E+08
800100.E-04  5.5922E+05  3.4424E+08
820100.E-04  6.7252E+05  3.4135E+08
840100.E-04  5.7018E+05  3.4025E+08
860100.E-04  6.8714E+05  3.3528E+08
880100.E-04  6.1404E+05  3.2841E+08
900100.E-04  7.2004E+05  3.2384E+08
920100.E-04  6.7983E+05  3.1080E+08
940100.E-04  5.9942E+05  2.9595E+08
960100.E-04  7.3466E+05  2.7603E+08
980100.E-04  5.6287E+05  2.4862E+08
100010.E-03  7.0542E+05  2.0595E+08
102010.E-03  5.2998E+05  1.3381E+08
104010.E-03  4.8612E+05  1.1089E+08
106010.E-03  5.7749E+05  8.4215E+07
108010.E-03  5.1901E+05  5.8882E+07
110010.E-03  4.9708E+05  3.9280E+07
112010.E-03  4.7150E+05  2.5300E+07
114010.E-03  5.0439E+05  1.6612E+07
116010.E-03  5.0074E+05  1.1462E+07
118010.E-03  5.4825E+05  8.4906E+06
120010.E-03  5.6287E+05  6.8568E+06
122010.E-03  5.7749E+05  5.2888E+06
124010.E-03  5.4825E+05  4.4591E+06
126010.E-03  5.9942E+05  3.7756E+06
128010.E-03  6.2866E+05  3.1323E+06
130010.E-03  5.5922E+05  2.4087E+06
132010.E-03  4.9343E+05  2.4087E+06
134010.E-03  4.7150E+05  1.9225E+06
136010.E-03  5.0805E+05  1.8860E+06
138010.E-03  5.2267E+05  1.6082E+06
140010.E-03  4.8977E+05  1.3450E+06
142010.E-03  4.7881E+05  1.2975E+06
144010.E-03  4.7150E+05  1.0819E+06
146010.E-03  4.8246E+05  1.0380E+06
148010.E-03  5.1536E+05  9.3203E+05
150010.E-03  4.5688E+05  9.2106E+05
152010.E-03  4.0936E+05  8.2969E+05
154010.E-03  5.2267E+05  8.1872E+05
156010.E-03  4.9343E+05  7.3100E+05
158010.E-03  4.3860E+05  7.0542E+05
160010.E-03  5.5556E+05  6.5059E+05
162010.E-03  5.2267E+05  5.4094E+05
164010.E-03  4.4957E+05  5.9942E+05
166010.E-03  3.7647E+05  6.0308E+05
168010.E-03  4.5322E+05  5.4094E+05
170010.E-03  4.9708E+05  4.3860E+05
172010.E-03  4.8612E+05  4.2398E+05
174010.E-03  3.3992E+05  3.4723E+05
176010.E-03  4.1302E+05  3.8743E+05
178010.E-03  3.9840E+05  3.6185E+05
180010.E-03  4.4957E+05  3.4723E+05
182010.E-03  3.3626E+05  3.3626E+05
184010.E-03  3.8743E+05  3.3261E+05
186010.E-03  3.7647E+05  2.3392E+05
188010.E-03  3.8012E+05  2.9606E+05
190010.E-03  4.2764E+05  2.9971E+05
192010.E-03  3.8012E+05  2.2661E+05
194010.E-03  3.0702E+05  2.3758E+05
196010.E-03  3.5819E+05  2.0468E+05
198010.E-03  3.4723E+05  1.6082E+05
200010.E-03  3.3992E+05  1.3889E+05
