201000.E-05  7.2634E+04  8.4479E+07
401000.E-05  4.4698E+04  9.1027E+07
601000.E-05  6.1459E+04  1.0587E+08
801000.E-05  9.4983E+04  1.2118E+08
100100.E-04  9.4983E+04  1.3504E+08
120100.E-04  9.4983E+04  1.4660E+08
140100.E-04  1.0616E+05  1.5965E+08
160100.E-04  1.6203E+05  1.7329E+08
180100.E-04  1.8997E+05  1.8510E+08
200100.E-04  1.9555E+05  1.9613E+08
220100.E-04  2.4584E+05  2.0743E+08
240100.E-04  2.2349E+05  2.1768E+08
260100.E-04  2.1790E+05  2.2658E+08
280100.E-04  2.3466E+05  2.3480E+08
300100.E-04  3.9111E+05  2.4203E+08
320100.E-04  2.9054E+05  2.5305E+08
340100.E-04  3.7434E+05  2.5924E+08
360100.E-04  3.2965E+05  2.6520E+08
380100.E-04  3.4082E+05  2.7144E+08
400100.E-04  4.9168E+05  2.7860E+08
420100.E-04  4.9168E+05  2.8027E+08
440100.E-04  5.8107E+05  2.8405E+08
460100.E-04  4.6933E+05  2.8786E+08
480100.E-04  7.3751E+05  2.9118E+08
500100.E-04  7.0399E+05  2.9087E+08
520100.E-04  7.4310E+05  2.9246E+08
540100.E-04  7.0399E+05  2.9256E+08
560100.E-04  7.0958E+05  2.9287E+08
580100.E-04  8.3250E+05  2.9184E+08
600100.E-04  7.1516E+05  2.9100E+08
620100.E-04  8.4926E+05  2.8615E+08
640100.E-04  8.6602E+05  2.8673E+08
660100.E-04  9.6100E+05  2.8184E+08
680100.E-04  1.0280E+06  2.7898E+08
700100.E-04  7.8780E+05  2.7642E+08
720100.E-04  9.1072E+05  2.7092E+08
740100.E-04  8.6602E+05  2.6529E+08
760100.E-04  9.1072E+05  2.6199E+08
780100.E-04  1.0057E+06  2.5497E+08
800100.E-04  9.0513E+05  2.4979E+08
820100.E-04  8.6602E+05  2.4318E+08
840100.E-04  9.0513E+05  2.3602E+08
860100.E-04  9.2189E+05  2.3199E+08
880100.E-04  9.7218E+05  2.2524E+08
900100.E-04  9.4983E+05  2.1706E+08
920100.E-04  1.0336E+06  2.0615E+08
940100.E-04  1.0113E+06  1.9638E+08
960100.E-04  7.9338E+05  1.8048E+08
980100.E-04  8.2132E+05  1.5944E+08
100010.E-03  6.9840E+05  1.3279E+08
102010.E-03  7.1516E+05  8.6686E+07
104010.E-03  6.9281E+05  7.1930E+07
106010.E-03  5.7548E+05  5.6973E+07
108010.E-03  7.5986E+05  4.0854E+07
110010.E-03  5.1961E+05  2.7243E+07
112010.E-03  7.2634E+05  1.7170E+07
114010.E-03  5.4196E+05  1.1158E+07
116010.E-03  6.2577E+05  8.0903E+06
118010.E-03  5.6431E+05  5.9448E+06
120010.E-03  5.7548E+05  4.1681E+06
122010.E-03  4.9168E+05  3.7323E+06
124010.E-03  5.4196E+05  3.3076E+06
126010.E-03  4.9726E+05  2.5422E+06
128010.E-03  5.1402E+05  2.1176E+06
130010.E-03  5.7548E+05  1.8158E+06
132010.E-03  4.9726E+05  1.4694E+06
134010.E-03  4.9168E+05  1.2962E+06
136010.E-03  5.4755E+05  1.0225E+06
138010.E-03  4.8050E+05  8.9954E+05
140010.E-03  4.8050E+05  8.7161E+05
142010.E-03  4.1904E+05  9.3307E+05
144010.E-03  4.2463E+05  6.6488E+05
146010.E-03  3.2965E+05  7.2634E+05
148010.E-03  3.4082E+05  5.0285E+05
150010.E-03  3.5199E+05  5.0285E+05
152010.E-03  3.0730E+05  5.1402E+05
154010.E-03  3.5758E+05  4.5815E+05
156010.E-03  3.3523E+05  3.6876E+05
158010.E-03  2.9612E+05  3.2965E+05
160010.E-03  2.6819E+05  2.7936E+05
162010.E-03  2.9612E+05  2.6819E+05
164010.E-03  2.5701E+05  3.2406E+05
166010.E-03  2.0114E+05  2.3466E+05
168010.E-03  3.4641E+05  2.7377E+05
170010.E-03  3.0730E+05  3.6317E+05
172010.E-03  2.4584E+05  2.4025E+05
174010.E-03  2.7936E+05  2.1231E+05
176010.E-03  2.2349E+05  1.7879E+05
178010.E-03  2.2908E+05  1.8438E+05
180010.E-03  1.7879E+05  2.5142E+05
182010.E-03  1.5644E+05  1.3968E+05
184010.E-03  2.0673E+05  1.5644E+05
186010.E-03  2.0114E+05  2.1790E+05
188010.E-03  2.0673E+05  1.2851E+05
190010.E-03  1.5644E+05  1.0057E+05
192010.E-03  1.5644E+05  1.2851E+05
194010.E-03  1.3409E+05  1.1174E+05
196010.E-03  1.7879E+05  8.3808E+04
198010.E-03  1.6203E+05  8.9395E+04
200010.E-03  9.4983E+04  7.8221E+04
